1011010111100010
0101010011101111
1110101100001101
0001100110101100
1001111011011011
0110001110111001
1101010100010010
0010110111000101
1000111011010111
1110100111011010
0001001010110101
1101101110000111
0110100101101011
1010110111110000
0101100010100011
1100010101101010
0011110100110010
1011010011000001
0100001010011011
1111100010101110
0010100110010000
1001011010101111
0110100001010101
1100110111101010
0001011111010100
1111010001100010
0111010101110011
1101000010001110
0010001101010101
1001001100110100
0111110100011011
1100001001011100
0011011010101101
1010100011010110
0100011101111101
1111110110010001
0000111000100001
1101010101001110
0010011110011010
1001011101000111
0110110000101101
1011100110000011
0101100010100010
1110001111111011
0001111101111111
1011001001111010
0101000011100001
1110001011011011
0000101101110110
1010011011000111
0100110110101010
1110110001111110
0001111011001001
1011011110011011
0101111100001110
1110010100110110
0100000101111010
1111101000101011
0001111101010011
1100001001001001
0110010111010101
1010110010000101
0100101101011111
1111000100001100
0010111011010110
1010101000001000
0101101101110011
1110001110101110
0001011010000100
1101011101110010
0011101011101100
1100000011010001
0010111001001011
1001111001101110
0110111010111111
1100010110000100
0010000001011101
1011001011101110
0100010101110001
1111011000100011
0000111110100000
1100001010011010
0011000010101100
1001111001010111
0110101111111100
1111010111000000
0010011011111001
1001011011010101
0110100101110001
1100000110110001
0011011100110010
1011100101001011
0101011111011010
1110011011101100
0000111000110110
1100101101111100
0010100011011110
1001011100101011
0110110010011110
1110001011100111
0000101101011000
1010010101110010
0100011010010000
1111001010110100
0010111110001010
1001100000101000
0110110101011010
1100010001101110
0010001010101110
1001000100000011
0111111001111000
1101000010111101
0010000110001000
1001010001101011
0110110001001010
1101010100100010
0010001011100101
1010110011001001
0100101111001011
1111001000010001
0001100111010001
1011000101111000
0100100011010010
1111110111001100
0000110110000100
1010010100100010
0100010010101011
1101000001111110
0010111110100010
1001101110000111
0110110100100011
1101110010100111
0011011100000100
1010001010111111
0101011111001010
1110010110001010
0001001110001000
1010001011110011
0101010110000101
1111001011110001
0000111001110110
1010000101011001
0101011101110001
1101101000100010
0010111011011101
1001100101101011
0110100001101001
1101111101111010
0011100101000001
1010011011110111
0101101010001000
1110100111001010
0001011101001110
1011111001010000
0101000101101100
1100110000110001
0010011110000000
1001101101010001
0110100111101000
1101111001111100
0011100100110111
1010011011001100
0101101100011110
1110100101100011
0001010100110100
1011110000101011
0101001001010000
1110010010000000
0001001100001001
1010100111011011
0101011110101010
1110110100110100
0001101010111100
1011011111110010
0101111010001010
1110100001101110
0001010101001100
1101001001111100
0010100100100001
1001010101110100
0110011011101011
1101100110101100
0011010001001100
1010001100110010
0101011011000100
1110110011010000
0001101001010000
1101010000001010
0010101001011100
1001011000011110
0110011110100110
1101110110001101
0011101001101101
1010010111010010
0101100010110101
1110101010000001
0001010011101010
1101000010110000
0010100100111010
1001011100000100
0110110111010000
1100000101001001
0010000111101000
1001010001011011
0110101000111101
1101110000000001
0011100011100010
1010011010111011
0101101001100100
1110100101101000
0001010111110001
1011110010110111
0101001011010010
1110010100001110
0001001101000100
1010110110011010
0101010011011101
1110101101010100
0001101010100010
1101011011001010
0010110010001001
1001101011110111
0110100100011101
1101110000000110
0011100001101111
1010011100101100
0101100000111111
1110101100000010
0001101001100010
1101010101110111
0010110011000100
1001101000110000
0110101110100000
1101110011101111
0011010000111110
1010001000101101
0101011100011110
1110110110001101
0001101000001111
1011010111111111
0101010000010111
1110110100111000
0001101010001100
1101010001011000
0010100111010010
1001010111000001
0110011010001101
1101100111010110
0011010000111101
1010001101011110
0101010110000001
1111001011110100
0000111000001010
1010000000000010
0101011001101100
1110110111101110